1
E 2
 -6.7380e-01  
 -2.7980e-01
W 200
  1.8227e-03
  5.4680e-03
  9.1133e-03
  1.2759e-02
  1.6404e-02
  2.0049e-02
  2.3695e-02
  2.7340e-02
  3.0985e-02
  3.4630e-02
  3.8276e-02
  4.1921e-02
  4.5566e-02
  4.9212e-02
  5.2857e-02
  5.6502e-02
  6.0148e-02
  6.3793e-02
  6.7438e-02
  7.1084e-02
  7.4729e-02
  7.8374e-02
  8.2020e-02
  8.5665e-02
  8.9310e-02
  9.2955e-02
  9.6601e-02
  1.0025e-01
  1.0389e-01
  1.0754e-01
  1.1118e-01
  1.1483e-01
  1.1847e-01
  1.2212e-01
  1.2576e-01
  1.2941e-01
  1.3305e-01
  1.3670e-01
  1.4034e-01
  1.4399e-01
  1.4764e-01
  1.5128e-01
  1.5493e-01
  1.5857e-01
  1.6222e-01
  1.6586e-01
  1.6951e-01
  1.7315e-01
  1.7680e-01
  1.8044e-01
  1.8409e-01
  1.8773e-01
  1.9138e-01
  1.9502e-01
  1.9867e-01
  2.0231e-01
  2.0596e-01
  2.0961e-01
  2.1325e-01
  2.1690e-01
  2.2054e-01
  2.2419e-01
  2.2783e-01
  2.3148e-01
  2.3512e-01
  2.3877e-01
  2.4241e-01
  2.4606e-01
  2.4970e-01
  2.5335e-01
  2.5699e-01
  2.6064e-01
  2.6429e-01
  2.6793e-01
  2.7158e-01
  2.7522e-01
  2.7887e-01
  2.8251e-01
  2.8616e-01
  2.8980e-01
  2.9345e-01
  2.9709e-01
  3.0074e-01
  3.0438e-01
  3.0803e-01
  3.1167e-01
  3.1532e-01
  3.1896e-01
  3.2261e-01
  3.2626e-01
  3.2990e-01
  3.3355e-01
  3.3719e-01
  3.4084e-01
  3.4448e-01
  3.4813e-01
  3.5177e-01
  3.5542e-01
  3.5906e-01
  3.6271e-01
  3.6635e-01
  3.7000e-01
  3.7364e-01
  3.7729e-01
  3.8094e-01
  3.8458e-01
  3.8823e-01
  3.9187e-01
  3.9552e-01
  3.9916e-01
  4.0281e-01
  4.0645e-01
  4.1010e-01
  4.1374e-01
  4.1739e-01
  4.2103e-01
  4.2468e-01
  4.2832e-01
  4.3197e-01
  4.3561e-01
  4.3926e-01
  4.4291e-01
  4.4655e-01
  4.5020e-01
  4.5384e-01
  4.5749e-01
  4.6113e-01
  4.6478e-01
  4.6842e-01
  4.7207e-01
  4.7571e-01
  4.7936e-01
  4.8300e-01
  4.8665e-01
  4.9029e-01
  4.9394e-01
  4.9759e-01
  5.0123e-01
  5.0488e-01
  5.0852e-01
  5.1217e-01
  5.1581e-01
  5.1946e-01
  5.2310e-01
  5.2675e-01
  5.3039e-01
  5.3404e-01
  5.3768e-01
  5.4133e-01
  5.4497e-01
  5.4862e-01
  5.5226e-01
  5.5591e-01
  5.5956e-01
  5.6320e-01
  5.6685e-01
  5.7049e-01
  5.7414e-01
  5.7778e-01
  5.8143e-01
  5.8507e-01
  5.8872e-01
  5.9236e-01
  5.9601e-01
  5.9965e-01
  6.0330e-01
  6.0694e-01
  6.1059e-01
  6.1423e-01
  6.1788e-01
  6.2153e-01
  6.2517e-01
  6.2882e-01
  6.3246e-01
  6.3611e-01
  6.3975e-01
  6.4340e-01
  6.4704e-01
  6.5069e-01
  6.5433e-01
  6.5798e-01
  6.6162e-01
  6.6527e-01
  6.6891e-01
  6.7256e-01
  6.7621e-01
  6.7985e-01
  6.8350e-01
  6.8714e-01
  6.9079e-01
  6.9443e-01
  6.9808e-01
  7.0172e-01
  7.0537e-01
  7.0901e-01
  7.1266e-01
  7.1630e-01
  7.1995e-01
  7.2359e-01
  7.2724e-01
LC 
 0.0000e+00  1.9440e-05  1.9440e-05  0.0000e+00
LC 
-0.0000e+00 -5.8321e-05 -5.8321e-05 -0.0000e+00
LC 
 0.0000e+00  9.7202e-05  9.7202e-05  0.0000e+00
LC 
-0.0000e+00 -1.3608e-04 -1.3608e-04 -0.0000e+00
LC 
 0.0000e+00  1.7496e-04  1.7496e-04  0.0000e+00
LC 
-0.0000e+00 -2.1384e-04 -2.1384e-04 -0.0000e+00
LC 
 0.0000e+00  2.5273e-04  2.5273e-04  0.0000e+00
LC 
-0.0000e+00 -2.9161e-04 -2.9161e-04 -0.0000e+00
LC 
 0.0000e+00  3.3049e-04  3.3049e-04  0.0000e+00
LC 
-0.0000e+00 -3.6937e-04 -3.6937e-04 -0.0000e+00
LC 
 0.0000e+00  4.0825e-04  4.0825e-04  0.0000e+00
LC 
-0.0000e+00 -4.4713e-04 -4.4713e-04 -0.0000e+00
LC 
 0.0000e+00  4.8601e-04  4.8601e-04  0.0000e+00
LC 
-0.0000e+00 -5.2489e-04 -5.2489e-04 -0.0000e+00
LC 
 0.0000e+00  5.6377e-04  5.6377e-04  0.0000e+00
LC 
-0.0000e+00 -6.0265e-04 -6.0265e-04 -0.0000e+00
LC 
 0.0000e+00  6.4153e-04  6.4153e-04  0.0000e+00
LC 
-0.0000e+00 -6.8041e-04 -6.8041e-04 -0.0000e+00
LC 
 0.0000e+00  7.1929e-04  7.1929e-04  0.0000e+00
LC 
-0.0000e+00 -7.5818e-04 -7.5818e-04 -0.0000e+00
LC 
 0.0000e+00  7.9706e-04  7.9706e-04  0.0000e+00
LC 
-0.0000e+00 -8.3594e-04 -8.3594e-04 -0.0000e+00
LC 
 0.0000e+00  8.7482e-04  8.7482e-04  0.0000e+00
LC 
-0.0000e+00 -9.1370e-04 -9.1370e-04 -0.0000e+00
LC 
 0.0000e+00  9.5258e-04  9.5258e-04  0.0000e+00
LC 
-0.0000e+00 -9.9146e-04 -9.9146e-04 -0.0000e+00
LC 
 0.0000e+00  1.0303e-03  1.0303e-03  0.0000e+00
LC 
-0.0000e+00 -1.0692e-03 -1.0692e-03 -0.0000e+00
LC 
 0.0000e+00  1.1081e-03  1.1081e-03  0.0000e+00
LC 
-0.0000e+00 -1.1470e-03 -1.1470e-03 -0.0000e+00
LC 
 0.0000e+00  1.1859e-03  1.1859e-03  0.0000e+00
LC 
-0.0000e+00 -1.2247e-03 -1.2247e-03 -0.0000e+00
LC 
 0.0000e+00  1.2636e-03  1.2636e-03  0.0000e+00
LC 
-0.0000e+00 -1.3025e-03 -1.3025e-03 -0.0000e+00
LC 
 0.0000e+00  1.3414e-03  1.3414e-03  0.0000e+00
LC 
-0.0000e+00 -1.3803e-03 -1.3803e-03 -0.0000e+00
LC 
 0.0000e+00  1.4191e-03  1.4191e-03  0.0000e+00
LC 
-0.0000e+00 -1.4580e-03 -1.4580e-03 -0.0000e+00
LC 
 0.0000e+00  1.4969e-03  1.4969e-03  0.0000e+00
LC 
-0.0000e+00 -1.5358e-03 -1.5358e-03 -0.0000e+00
LC 
 0.0000e+00  1.5747e-03  1.5747e-03  0.0000e+00
LC 
-0.0000e+00 -1.6136e-03 -1.6136e-03 -0.0000e+00
LC 
 0.0000e+00  1.6524e-03  1.6524e-03  0.0000e+00
LC 
-0.0000e+00 -1.6913e-03 -1.6913e-03 -0.0000e+00
LC 
 0.0000e+00  1.7302e-03  1.7302e-03  0.0000e+00
LC 
-0.0000e+00 -1.7691e-03 -1.7691e-03 -0.0000e+00
LC 
 0.0000e+00  1.8080e-03  1.8080e-03  0.0000e+00
LC 
-0.0000e+00 -1.8468e-03 -1.8468e-03 -0.0000e+00
LC 
 0.0000e+00  1.8857e-03  1.8857e-03  0.0000e+00
LC 
-0.0000e+00 -1.9246e-03 -1.9246e-03 -0.0000e+00
LC 
 0.0000e+00  1.9635e-03  1.9635e-03  0.0000e+00
LC 
-0.0000e+00 -2.0024e-03 -2.0024e-03 -0.0000e+00
LC 
 0.0000e+00  2.0412e-03  2.0412e-03  0.0000e+00
LC 
-0.0000e+00 -2.0801e-03 -2.0801e-03 -0.0000e+00
LC 
 0.0000e+00  2.1190e-03  2.1190e-03  0.0000e+00
LC 
-0.0000e+00 -2.1579e-03 -2.1579e-03 -0.0000e+00
LC 
 0.0000e+00  2.1968e-03  2.1968e-03  0.0000e+00
LC 
-0.0000e+00 -2.2356e-03 -2.2356e-03 -0.0000e+00
LC 
 0.0000e+00  2.2745e-03  2.2745e-03  0.0000e+00
LC 
-0.0000e+00 -2.3134e-03 -2.3134e-03 -0.0000e+00
LC 
 0.0000e+00  2.3523e-03  2.3523e-03  0.0000e+00
LC 
-0.0000e+00 -2.3912e-03 -2.3912e-03 -0.0000e+00
LC 
 0.0000e+00  2.4300e-03  2.4300e-03  0.0000e+00
LC 
-0.0000e+00 -2.4689e-03 -2.4689e-03 -0.0000e+00
LC 
 0.0000e+00  2.5078e-03  2.5078e-03  0.0000e+00
LC 
-0.0000e+00 -2.5467e-03 -2.5467e-03 -0.0000e+00
LC 
 0.0000e+00  2.5856e-03  2.5856e-03  0.0000e+00
LC 
-0.0000e+00 -2.6245e-03 -2.6245e-03 -0.0000e+00
LC 
 0.0000e+00  2.6633e-03  2.6633e-03  0.0000e+00
LC 
-0.0000e+00 -2.7022e-03 -2.7022e-03 -0.0000e+00
LC 
 0.0000e+00  2.7411e-03  2.7411e-03  0.0000e+00
LC 
-0.0000e+00 -2.7800e-03 -2.7800e-03 -0.0000e+00
LC 
 0.0000e+00  2.8189e-03  2.8189e-03  0.0000e+00
LC 
-0.0000e+00 -2.8577e-03 -2.8577e-03 -0.0000e+00
LC 
 0.0000e+00  2.8966e-03  2.8966e-03  0.0000e+00
LC 
-0.0000e+00 -2.9355e-03 -2.9355e-03 -0.0000e+00
LC 
 0.0000e+00  2.9744e-03  2.9744e-03  0.0000e+00
LC 
-0.0000e+00 -3.0133e-03 -3.0133e-03 -0.0000e+00
LC 
 0.0000e+00  3.0521e-03  3.0521e-03  0.0000e+00
LC 
-0.0000e+00 -3.0910e-03 -3.0910e-03 -0.0000e+00
LC 
 0.0000e+00  3.1299e-03  3.1299e-03  0.0000e+00
LC 
-0.0000e+00 -3.1688e-03 -3.1688e-03 -0.0000e+00
LC 
 0.0000e+00  3.2077e-03  3.2077e-03  0.0000e+00
LC 
-0.0000e+00 -3.2465e-03 -3.2465e-03 -0.0000e+00
LC 
 0.0000e+00  3.2854e-03  3.2854e-03  0.0000e+00
LC 
-0.0000e+00 -3.3243e-03 -3.3243e-03 -0.0000e+00
LC 
 0.0000e+00  3.3632e-03  3.3632e-03  0.0000e+00
LC 
-0.0000e+00 -3.4021e-03 -3.4021e-03 -0.0000e+00
LC 
 0.0000e+00  3.4410e-03  3.4410e-03  0.0000e+00
LC 
-0.0000e+00 -3.4798e-03 -3.4798e-03 -0.0000e+00
LC 
 0.0000e+00  3.5187e-03  3.5187e-03  0.0000e+00
LC 
-0.0000e+00 -3.5576e-03 -3.5576e-03 -0.0000e+00
LC 
 0.0000e+00  3.5965e-03  3.5965e-03  0.0000e+00
LC 
-0.0000e+00 -3.6354e-03 -3.6354e-03 -0.0000e+00
LC 
 0.0000e+00  3.6742e-03  3.6742e-03  0.0000e+00
LC 
-0.0000e+00 -3.7131e-03 -3.7131e-03 -0.0000e+00
LC 
 0.0000e+00  3.7520e-03  3.7520e-03  0.0000e+00
LC 
-0.0000e+00 -3.7909e-03 -3.7909e-03 -0.0000e+00
LC 
 0.0000e+00  3.8298e-03  3.8298e-03  0.0000e+00
LC 
-0.0000e+00 -3.8686e-03 -3.8686e-03 -0.0000e+00
LC 
 0.0000e+00  3.9075e-03  3.9075e-03  0.0000e+00
LC 
-0.0000e+00 -3.9464e-03 -3.9464e-03 -0.0000e+00
LC 
 0.0000e+00  3.9853e-03  3.9853e-03  0.0000e+00
LC 
-0.0000e+00 -4.0242e-03 -4.0242e-03 -0.0000e+00
LC 
 0.0000e+00  4.0630e-03  4.0630e-03  0.0000e+00
LC 
-0.0000e+00 -4.1019e-03 -4.1019e-03 -0.0000e+00
LC 
 0.0000e+00  4.1408e-03  4.1408e-03  0.0000e+00
LC 
-0.0000e+00 -4.1797e-03 -4.1797e-03 -0.0000e+00
LC 
 0.0000e+00  4.2186e-03  4.2186e-03  0.0000e+00
LC 
-0.0000e+00 -4.2574e-03 -4.2574e-03 -0.0000e+00
LC 
 0.0000e+00  4.2963e-03  4.2963e-03  0.0000e+00
LC 
-0.0000e+00 -4.3352e-03 -4.3352e-03 -0.0000e+00
LC 
 0.0000e+00  4.3741e-03  4.3741e-03  0.0000e+00
LC 
-0.0000e+00 -4.4130e-03 -4.4130e-03 -0.0000e+00
LC 
 0.0000e+00  4.4519e-03  4.4519e-03  0.0000e+00
LC 
-0.0000e+00 -4.4907e-03 -4.4907e-03 -0.0000e+00
LC 
 0.0000e+00  4.5296e-03  4.5296e-03  0.0000e+00
LC 
-0.0000e+00 -4.5685e-03 -4.5685e-03 -0.0000e+00
LC 
 0.0000e+00  4.6074e-03  4.6074e-03  0.0000e+00
LC 
-0.0000e+00 -4.6463e-03 -4.6463e-03 -0.0000e+00
LC 
 0.0000e+00  4.6851e-03  4.6851e-03  0.0000e+00
LC 
-0.0000e+00 -4.7240e-03 -4.7240e-03 -0.0000e+00
LC 
 0.0000e+00  4.7629e-03  4.7629e-03  0.0000e+00
LC 
-0.0000e+00 -4.8018e-03 -4.8018e-03 -0.0000e+00
LC 
 0.0000e+00  4.8407e-03  4.8407e-03  0.0000e+00
LC 
-0.0000e+00 -4.8795e-03 -4.8795e-03 -0.0000e+00
LC 
 0.0000e+00  4.9184e-03  4.9184e-03  0.0000e+00
LC 
-0.0000e+00 -4.9573e-03 -4.9573e-03 -0.0000e+00
LC 
 0.0000e+00  4.9962e-03  4.9962e-03  0.0000e+00
LC 
-0.0000e+00 -5.0351e-03 -5.0351e-03 -0.0000e+00
LC 
 0.0000e+00  5.0739e-03  5.0739e-03  0.0000e+00
LC 
-0.0000e+00 -5.1128e-03 -5.1128e-03 -0.0000e+00
LC 
 0.0000e+00  5.1517e-03  5.1517e-03  0.0000e+00
LC 
-0.0000e+00 -5.1906e-03 -5.1906e-03 -0.0000e+00
LC 
 0.0000e+00  5.2295e-03  5.2295e-03  0.0000e+00
LC 
-0.0000e+00 -5.2683e-03 -5.2683e-03 -0.0000e+00
LC 
 0.0000e+00  5.3072e-03  5.3072e-03  0.0000e+00
LC 
-0.0000e+00 -5.3461e-03 -5.3461e-03 -0.0000e+00
LC 
 0.0000e+00  5.3850e-03  5.3850e-03  0.0000e+00
LC 
-0.0000e+00 -5.4239e-03 -5.4239e-03 -0.0000e+00
LC 
 0.0000e+00  5.4628e-03  5.4628e-03  0.0000e+00
LC 
-0.0000e+00 -5.5016e-03 -5.5016e-03 -0.0000e+00
LC 
 0.0000e+00  5.5405e-03  5.5405e-03  0.0000e+00
LC 
-0.0000e+00 -5.5794e-03 -5.5794e-03 -0.0000e+00
LC 
 0.0000e+00  5.6183e-03  5.6183e-03  0.0000e+00
LC 
-0.0000e+00 -5.6572e-03 -5.6572e-03 -0.0000e+00
LC 
 0.0000e+00  5.6960e-03  5.6960e-03  0.0000e+00
LC 
-0.0000e+00 -5.7349e-03 -5.7349e-03 -0.0000e+00
LC 
 0.0000e+00  5.7738e-03  5.7738e-03  0.0000e+00
LC 
-0.0000e+00 -5.8127e-03 -5.8127e-03 -0.0000e+00
LC 
 0.0000e+00  5.8516e-03  5.8516e-03  0.0000e+00
LC 
-0.0000e+00 -5.8904e-03 -5.8904e-03 -0.0000e+00
LC 
 0.0000e+00  5.9293e-03  5.9293e-03  0.0000e+00
LC 
-0.0000e+00 -5.9682e-03 -5.9682e-03 -0.0000e+00
LC 
 0.0000e+00  6.0071e-03  6.0071e-03  0.0000e+00
LC 
-0.0000e+00 -6.0460e-03 -6.0460e-03 -0.0000e+00
LC 
 0.0000e+00  6.0848e-03  6.0848e-03  0.0000e+00
LC 
-0.0000e+00 -6.1237e-03 -6.1237e-03 -0.0000e+00
LC 
 0.0000e+00  6.1626e-03  6.1626e-03  0.0000e+00
LC 
-0.0000e+00 -6.2015e-03 -6.2015e-03 -0.0000e+00
LC 
 0.0000e+00  6.2404e-03  6.2404e-03  0.0000e+00
LC 
-0.0000e+00 -6.2792e-03 -6.2792e-03 -0.0000e+00
LC 
 0.0000e+00  6.3181e-03  6.3181e-03  0.0000e+00
LC 
-0.0000e+00 -6.3570e-03 -6.3570e-03 -0.0000e+00
LC 
 0.0000e+00  6.3959e-03  6.3959e-03  0.0000e+00
LC 
-0.0000e+00 -6.4348e-03 -6.4348e-03 -0.0000e+00
LC 
 0.0000e+00  6.4737e-03  6.4737e-03  0.0000e+00
LC 
-0.0000e+00 -6.5125e-03 -6.5125e-03 -0.0000e+00
LC 
 0.0000e+00  6.5514e-03  6.5514e-03  0.0000e+00
LC 
-0.0000e+00 -6.5903e-03 -6.5903e-03 -0.0000e+00
LC 
 0.0000e+00  6.6292e-03  6.6292e-03  0.0000e+00
LC 
-0.0000e+00 -6.6681e-03 -6.6681e-03 -0.0000e+00
LC 
 0.0000e+00  6.7069e-03  6.7069e-03  0.0000e+00
LC 
-0.0000e+00 -6.7458e-03 -6.7458e-03 -0.0000e+00
LC 
 0.0000e+00  6.7847e-03  6.7847e-03  0.0000e+00
LC 
-0.0000e+00 -6.8236e-03 -6.8236e-03 -0.0000e+00
LC 
 0.0000e+00  6.8625e-03  6.8625e-03  0.0000e+00
LC 
-0.0000e+00 -6.9013e-03 -6.9013e-03 -0.0000e+00
LC 
 0.0000e+00  6.9402e-03  6.9402e-03  0.0000e+00
LC 
-0.0000e+00 -6.9791e-03 -6.9791e-03 -0.0000e+00
LC 
 0.0000e+00  7.0180e-03  7.0180e-03  0.0000e+00
LC 
-0.0000e+00 -7.0569e-03 -7.0569e-03 -0.0000e+00
LC 
 0.0000e+00  7.0957e-03  7.0957e-03  0.0000e+00
LC 
-0.0000e+00 -7.1346e-03 -7.1346e-03 -0.0000e+00
LC 
 0.0000e+00  7.1735e-03  7.1735e-03  0.0000e+00
LC 
-0.0000e+00 -7.2124e-03 -7.2124e-03 -0.0000e+00
LC 
 0.0000e+00  7.2513e-03  7.2513e-03  0.0000e+00
LC 
-0.0000e+00 -7.2901e-03 -7.2901e-03 -0.0000e+00
LC 
 0.0000e+00  7.3290e-03  7.3290e-03  0.0000e+00
LC 
-0.0000e+00 -7.3679e-03 -7.3679e-03 -0.0000e+00
LC 
 0.0000e+00  7.4068e-03  7.4068e-03  0.0000e+00
LC 
-0.0000e+00 -7.4457e-03 -7.4457e-03 -0.0000e+00
LC 
 0.0000e+00  7.4846e-03  7.4846e-03  0.0000e+00
LC 
-0.0000e+00 -7.5234e-03 -7.5234e-03 -0.0000e+00
LC 
 0.0000e+00  7.5623e-03  7.5623e-03  0.0000e+00
LC 
-0.0000e+00 -7.6012e-03 -7.6012e-03 -0.0000e+00
LC 
 0.0000e+00  7.6401e-03  7.6401e-03  0.0000e+00
LC 
-0.0000e+00 -7.6790e-03 -7.6790e-03 -0.0000e+00
LC 
 0.0000e+00  7.7178e-03  7.7178e-03  0.0000e+00
LC 
-0.0000e+00 -7.7567e-03 -7.7567e-03 -0.0000e+00
