eV
E 2
-0.4617e0  
0.4617e0
W 24
0.0740e0  
0.1273e0  
0.1568e0  
0.1347e0  
0.3431e0  
0.1157e0  
0.3242e0  
0.3621e0 
0.2673e0  
0.3052e0  
0.0968e0  
0.0589e0  
0.0400e0  
0.1726e0  
0.2863e0  
0.2484e0 
0.1536e0  
0.2105e0  
0.0778e0  
0.2294e0  
0.1915e0  
0.4000e0  
0.3810e0  
0.0936e0
K
-0.0964e0  0.1194e0   
K
0.0470e0  0.2012e0   
K
0.1594e0  0.0484e0   
K
0.0308e0  -0.0308e0 
K
0.0782e0   -0.0782e0  
K
0.0261e0  -0.0261e0  
K 
0.0717e0  -0.0717e0  
K 
0.0780e0  -0.0780e0 
K
0.0560e0   -0.0560e0  
K
0.0625e0  -0.0625e0  
K 
0.0188e0  -0.0188e0  
K
0.0112e0  -0.0112e0 
K
0.0069e0   -0.0069e0  
K
0.0265e0  -0.0265e0  
K 
0.0433e0  -0.0433e0  
K
0.0361e0  -0.0361e0 
K
0.0210e0   -0.0210e0  
K
0.0281e0  -0.0281e0  
K 
0.0102e0  -0.0102e0  
K
0.0284e0  -0.0284e0 
K
0.0196e0   -0.0196e0  
K
0.0306e0  -0.0306e0  
K 
0.0269e0  -0.0269e0
L
0.000e0   0.1825e0
0.1825e0  0.000e0