eV
E 8
0.00000000e+00  
4.01724740e-01  
1.07853547e+00  
1.27823046e+00  
1.51603314e+00  
1.78191269e+00  
2.06556857e+00  
2.07397423e+00  
W 30
1.80684000e-02  
2.03088400e-02  
4.89964900e-02  
4.94660700e-02  
6.52888700e-02  
6.82968900e-02  
6.97728600e-02  
7.04187100e-02  
8.35145300e-02  
9.12516100e-02  
9.61596200e-02  
9.69384400e-02  
1.02388780e-01  
1.21770060e-01  
1.23365110e-01  
1.24240690e-01  
1.36464830e-01  
1.50742120e-01  
1.54070010e-01  
1.74098240e-01  
1.77341680e-01  
1.78140910e-01  
1.88902870e-01  
2.12028450e-01  
2.24581970e-01  
2.28196960e-01  
3.99937530e-01  
4.04800740e-01  
4.49184800e-01  
4.54400040e-01  
L
0.00000000e+00  -1.41407000e-02  0.00000000e+00  0.00000000e+00  -4.68558900e-02  -5.89703000e-03  0.00000000e+00  0.00000000e+00  
-1.41407000e-02  0.00000000e+00  2.56280200e-02  -1.82620000e-03  0.00000000e+00  0.00000000e+00  1.74620000e-03  2.47639000e-03  
0.00000000e+00  2.56280200e-02  0.00000000e+00  0.00000000e+00  -3.14910000e-04  -2.39836000e-03  0.00000000e+00  0.00000000e+00  
0.00000000e+00  -1.82620000e-03  0.00000000e+00  0.00000000e+00  -2.11143100e-02  -2.04637600e-02  0.00000000e+00  0.00000000e+00  
-4.68558900e-02  0.00000000e+00  -3.14910000e-04  -2.11143100e-02  0.00000000e+00  0.00000000e+00  3.09239400e-02  6.26152100e-02  
-5.89703000e-03  0.00000000e+00  -2.39836000e-03  -2.04637600e-02  0.00000000e+00  0.00000000e+00  -3.39962000e-03  -3.24065800e-02  
0.00000000e+00  1.74620000e-03  0.00000000e+00  0.00000000e+00  3.09239400e-02  -3.39962000e-03  0.00000000e+00  0.00000000e+00  
0.00000000e+00  2.47639000e-03  0.00000000e+00  0.00000000e+00  6.26152100e-02  -3.24065800e-02  0.00000000e+00  0.00000000e+00  
L
0.00000000e+00  5.08462000e-03  0.00000000e+00  0.00000000e+00  3.96361800e-02  -1.00602200e-02  0.00000000e+00  0.00000000e+00  
5.08462000e-03  0.00000000e+00  -1.67901100e-02  3.18770400e-02  0.00000000e+00  0.00000000e+00  -2.56437600e-02  -4.01748700e-02  
0.00000000e+00  -1.67901100e-02  0.00000000e+00  0.00000000e+00  -3.51757000e-03  -4.37243700e-02  0.00000000e+00  0.00000000e+00  
0.00000000e+00  3.18770400e-02  0.00000000e+00  0.00000000e+00  -2.03892600e-02  -1.58103300e-02  0.00000000e+00  0.00000000e+00  
3.96361800e-02  0.00000000e+00  -3.51757000e-03  -2.03892600e-02  0.00000000e+00  0.00000000e+00  8.18792000e-03  7.88652000e-03  
-1.00602200e-02  0.00000000e+00  -4.37243700e-02  -1.58103300e-02  0.00000000e+00  0.00000000e+00  -2.72877000e-03  -3.53759500e-02  
0.00000000e+00  -2.56437600e-02  0.00000000e+00  0.00000000e+00  8.18792000e-03  -2.72877000e-03  0.00000000e+00  0.00000000e+00  
0.00000000e+00  -4.01748700e-02  0.00000000e+00  0.00000000e+00  7.88652000e-03  -3.53759500e-02  0.00000000e+00  0.00000000e+00  
L
-1.30611100e-02  0.00000000e+00  -1.55370000e-04  6.71814000e-03  0.00000000e+00  0.00000000e+00  -1.19120900e-02  -2.28149100e-02  
0.00000000e+00  2.08166500e-02  0.00000000e+00  0.00000000e+00  -9.33641000e-03  -2.11480000e-04  0.00000000e+00  0.00000000e+00  
-1.55370000e-04  0.00000000e+00  2.63949400e-02  5.78250000e-04  0.00000000e+00  0.00000000e+00  -3.28958000e-03  4.86376000e-03  
6.71814000e-03  0.00000000e+00  5.78250000e-04  -2.17648000e-03  0.00000000e+00  0.00000000e+00  -4.34318000e-03  -6.48794000e-03  
0.00000000e+00  -9.33641000e-03  0.00000000e+00  0.00000000e+00  -7.66018400e-02  9.47207000e-03  0.00000000e+00  0.00000000e+00  
0.00000000e+00  -2.11480000e-04  0.00000000e+00  0.00000000e+00  9.47207000e-03  5.40164600e-02  0.00000000e+00  0.00000000e+00  
-1.19120900e-02  0.00000000e+00  -3.28958000e-03  -4.34318000e-03  0.00000000e+00  0.00000000e+00  2.67311000e-02  -2.66866800e-02  
-2.28149100e-02  0.00000000e+00  4.86376000e-03  -6.48794000e-03  0.00000000e+00  0.00000000e+00  -2.66866800e-02  -4.28242000e-03  
L
0.00000000e+00  2.58560000e-03  0.00000000e+00  0.00000000e+00  2.47155400e-02  -7.11998000e-03  0.00000000e+00  0.00000000e+00  
2.58560000e-03  0.00000000e+00  7.84550100e-02  -2.23966700e-02  0.00000000e+00  0.00000000e+00  -3.66077800e-02  8.66876300e-02  
0.00000000e+00  7.84550100e-02  0.00000000e+00  0.00000000e+00  -4.36075000e-03  -2.91750100e-02  0.00000000e+00  0.00000000e+00  
0.00000000e+00  -2.23966700e-02  0.00000000e+00  0.00000000e+00  -5.91940000e-04  4.83343300e-02  0.00000000e+00  0.00000000e+00  
2.47155400e-02  0.00000000e+00  -4.36075000e-03  -5.91940000e-04  0.00000000e+00  0.00000000e+00  2.18880000e-03  1.09763100e-02  
-7.11998000e-03  0.00000000e+00  -2.91750100e-02  4.83343300e-02  0.00000000e+00  0.00000000e+00  1.99296000e-02  5.87426300e-02  
0.00000000e+00  -3.66077800e-02  0.00000000e+00  0.00000000e+00  2.18880000e-03  1.99296000e-02  0.00000000e+00  0.00000000e+00  
0.00000000e+00  8.66876300e-02  0.00000000e+00  0.00000000e+00  1.09763100e-02  5.87426300e-02  0.00000000e+00  0.00000000e+00  
L
9.79615000e-03  0.00000000e+00  -4.24830000e-04  -3.44815000e-03  0.00000000e+00  0.00000000e+00  -7.58000000e-06  1.32997000e-03  
0.00000000e+00  -2.72120000e-03  0.00000000e+00  0.00000000e+00  -5.15903700e-02  -8.10163000e-03  0.00000000e+00  0.00000000e+00  
-4.24830000e-04  0.00000000e+00  -1.90479600e-02  8.46900000e-05  0.00000000e+00  0.00000000e+00  -3.42026000e-03  6.14649000e-03  
-3.44815000e-03  0.00000000e+00  8.46900000e-05  -1.48294700e-02  0.00000000e+00  0.00000000e+00  -3.81281000e-03  -7.39786000e-03  
0.00000000e+00  -5.15903700e-02  0.00000000e+00  0.00000000e+00  3.40169000e-03  -9.32760000e-04  0.00000000e+00  0.00000000e+00  
0.00000000e+00  -8.10163000e-03  0.00000000e+00  0.00000000e+00  -9.32760000e-04  -2.12250700e-02  0.00000000e+00  0.00000000e+00  
-7.58000000e-06  0.00000000e+00  -3.42026000e-03  -3.81281000e-03  0.00000000e+00  0.00000000e+00  -9.38909000e-03  -1.90939000e-03  
1.32997000e-03  0.00000000e+00  6.14649000e-03  -7.39786000e-03  0.00000000e+00  0.00000000e+00  -1.90939000e-03  -7.21061000e-03  
L
2.77556600e-02  0.00000000e+00  9.19900000e-05  -7.11520000e-04  0.00000000e+00  0.00000000e+00  -1.33020100e-02  -2.54308800e-02  
0.00000000e+00  -4.08830000e-04  0.00000000e+00  0.00000000e+00  -1.19074300e-02  -1.97994900e-02  0.00000000e+00  0.00000000e+00  
9.19900000e-05  0.00000000e+00  1.75513400e-02  -3.29040000e-04  0.00000000e+00  0.00000000e+00  1.26416800e-02  -6.90800000e-04  
-7.11520000e-04  0.00000000e+00  -3.29040000e-04  9.38805000e-03  0.00000000e+00  0.00000000e+00  1.02380200e-02  1.90382200e-02  
0.00000000e+00  -1.19074300e-02  0.00000000e+00  0.00000000e+00  -4.84365500e-02  8.80825000e-03  0.00000000e+00  0.00000000e+00  
0.00000000e+00  -1.97994900e-02  0.00000000e+00  0.00000000e+00  8.80825000e-03  1.91849900e-02  0.00000000e+00  0.00000000e+00  
-1.33020100e-02  0.00000000e+00  1.26416800e-02  1.02380200e-02  0.00000000e+00  0.00000000e+00  2.43172600e-02  -1.58645000e-02  
-2.54308800e-02  0.00000000e+00  -6.90800000e-04  1.90382200e-02  0.00000000e+00  0.00000000e+00  -1.58645000e-02  4.44860000e-04  
L
0.00000000e+00  -1.15342900e-02  0.00000000e+00  0.00000000e+00  -2.09531200e-02  2.76469000e-03  0.00000000e+00  0.00000000e+00  
-1.15342900e-02  0.00000000e+00  -8.76284000e-03  -5.50842000e-03  0.00000000e+00  0.00000000e+00  2.00528100e-02  2.49148800e-02  
0.00000000e+00  -8.76284000e-03  0.00000000e+00  0.00000000e+00  -1.00380700e-02  -6.45837300e-02  0.00000000e+00  0.00000000e+00  
0.00000000e+00  -5.50842000e-03  0.00000000e+00  0.00000000e+00  4.86367000e-03  -4.36057000e-03  0.00000000e+00  0.00000000e+00  
-2.09531200e-02  0.00000000e+00  -1.00380700e-02  4.86367000e-03  0.00000000e+00  0.00000000e+00  1.41420000e-04  1.82186000e-03  
2.76469000e-03  0.00000000e+00  -6.45837300e-02  -4.36057000e-03  0.00000000e+00  0.00000000e+00  -4.07325000e-03  6.86153000e-03  
0.00000000e+00  2.00528100e-02  0.00000000e+00  0.00000000e+00  1.41420000e-04  -4.07325000e-03  0.00000000e+00  0.00000000e+00  
0.00000000e+00  2.49148800e-02  0.00000000e+00  0.00000000e+00  1.82186000e-03  6.86153000e-03  0.00000000e+00  0.00000000e+00  
L
-4.35401000e-03  0.00000000e+00  -5.39300000e-05  -4.94676000e-03  0.00000000e+00  0.00000000e+00  1.11220600e-02  2.10178900e-02  
0.00000000e+00  6.42191000e-02  0.00000000e+00  0.00000000e+00  1.49981600e-02  6.56676000e-03  0.00000000e+00  0.00000000e+00  
-5.39300000e-05  0.00000000e+00  4.19055900e-02  6.19130000e-04  0.00000000e+00  0.00000000e+00  -8.65383000e-03  4.97441000e-03  
-4.94676000e-03  0.00000000e+00  6.19130000e-04  1.87764700e-02  0.00000000e+00  0.00000000e+00  -1.47770600e-02  -2.65790200e-02  
0.00000000e+00  1.49981600e-02  0.00000000e+00  0.00000000e+00  -2.04156000e-03  7.35430000e-03  0.00000000e+00  0.00000000e+00  
0.00000000e+00  6.56676000e-03  0.00000000e+00  0.00000000e+00  7.35430000e-03  2.85723500e-02  0.00000000e+00  0.00000000e+00  
1.11220600e-02  0.00000000e+00  -8.65383000e-03  -1.47770600e-02  0.00000000e+00  0.00000000e+00  5.03904500e-02  -6.20492000e-03  
2.10178900e-02  0.00000000e+00  4.97441000e-03  -2.65790200e-02  0.00000000e+00  0.00000000e+00  -6.20492000e-03  4.48487800e-02  
L
0.00000000e+00  -2.98040000e-03  0.00000000e+00  0.00000000e+00  1.49670500e-02  4.37830000e-03  0.00000000e+00  0.00000000e+00  
-2.98040000e-03  0.00000000e+00  -5.29650000e-04  1.07513000e-02  0.00000000e+00  0.00000000e+00  -4.21596000e-03  -6.14250000e-04  
0.00000000e+00  -5.29650000e-04  0.00000000e+00  0.00000000e+00  -9.94210000e-04  -1.98649500e-02  0.00000000e+00  0.00000000e+00  
0.00000000e+00  1.07513000e-02  0.00000000e+00  0.00000000e+00  4.55216000e-03  1.62169000e-03  0.00000000e+00  0.00000000e+00  
1.49670500e-02  0.00000000e+00  -9.94210000e-04  4.55216000e-03  0.00000000e+00  0.00000000e+00  -2.06195600e-02  -4.30571400e-02  
4.37830000e-03  0.00000000e+00  -1.98649500e-02  1.62169000e-03  0.00000000e+00  0.00000000e+00  8.55940000e-03  -9.07780000e-03  
0.00000000e+00  -4.21596000e-03  0.00000000e+00  0.00000000e+00  -2.06195600e-02  8.55940000e-03  0.00000000e+00  0.00000000e+00  
0.00000000e+00  -6.14250000e-04  0.00000000e+00  0.00000000e+00  -4.30571400e-02  -9.07780000e-03  0.00000000e+00  0.00000000e+00  
L
0.00000000e+00  1.02568100e-02  0.00000000e+00  0.00000000e+00  2.54153700e-02  9.29952000e-03  0.00000000e+00  0.00000000e+00  
1.02568100e-02  0.00000000e+00  -3.11494400e-02  6.90033000e-03  0.00000000e+00  0.00000000e+00  -5.53602000e-03  -3.51948000e-02  
0.00000000e+00  -3.11494400e-02  0.00000000e+00  0.00000000e+00  4.55303000e-03  3.83755900e-02  0.00000000e+00  0.00000000e+00  
0.00000000e+00  6.90033000e-03  0.00000000e+00  0.00000000e+00  -8.17267000e-03  -1.57154100e-02  0.00000000e+00  0.00000000e+00  
2.54153700e-02  0.00000000e+00  4.55303000e-03  -8.17267000e-03  0.00000000e+00  0.00000000e+00  1.71066700e-02  3.97089200e-02  
9.29952000e-03  0.00000000e+00  3.83755900e-02  -1.57154100e-02  0.00000000e+00  0.00000000e+00  -6.66981200e-02  4.49637200e-02  
0.00000000e+00  -5.53602000e-03  0.00000000e+00  0.00000000e+00  1.71066700e-02  -6.66981200e-02  0.00000000e+00  0.00000000e+00  
0.00000000e+00  -3.51948000e-02  0.00000000e+00  0.00000000e+00  3.97089200e-02  4.49637200e-02  0.00000000e+00  0.00000000e+00  
L
0.00000000e+00  1.11654600e-02  0.00000000e+00  0.00000000e+00  3.51334900e-02  -4.65760000e-03  0.00000000e+00  0.00000000e+00  
1.11654600e-02  0.00000000e+00  -4.66121000e-03  -1.11754500e-02  0.00000000e+00  0.00000000e+00  2.74695100e-02  -3.03909900e-02  
0.00000000e+00  -4.66121000e-03  0.00000000e+00  0.00000000e+00  4.47444000e-03  6.10350800e-02  0.00000000e+00  0.00000000e+00  
0.00000000e+00  -1.11754500e-02  0.00000000e+00  0.00000000e+00  -1.07313100e-02  -2.06725500e-02  0.00000000e+00  0.00000000e+00  
3.51334900e-02  0.00000000e+00  4.47444000e-03  -1.07313100e-02  0.00000000e+00  0.00000000e+00  -1.15651800e-02  1.19794000e-03  
-4.65760000e-03  0.00000000e+00  6.10350800e-02  -2.06725500e-02  0.00000000e+00  0.00000000e+00  -1.23844940e-01  6.82551500e-02  
0.00000000e+00  2.74695100e-02  0.00000000e+00  0.00000000e+00  -1.15651800e-02  -1.23844940e-01  0.00000000e+00  0.00000000e+00  
0.00000000e+00  -3.03909900e-02  0.00000000e+00  0.00000000e+00  1.19794000e-03  6.82551500e-02  0.00000000e+00  0.00000000e+00  
L
1.18371100e-02  0.00000000e+00  9.21900000e-05  9.03283000e-03  0.00000000e+00  0.00000000e+00  9.89170000e-03  1.75448900e-02  
0.00000000e+00  7.74162900e-02  0.00000000e+00  0.00000000e+00  -2.55037000e-03  6.19223000e-03  0.00000000e+00  0.00000000e+00  
9.21900000e-05  0.00000000e+00  6.25854000e-03  -1.13414000e-03  0.00000000e+00  0.00000000e+00  7.35579000e-03  -3.40460000e-03  
9.03283000e-03  0.00000000e+00  -1.13414000e-03  4.12255200e-02  0.00000000e+00  0.00000000e+00  1.27072800e-02  2.40456700e-02  
0.00000000e+00  -2.55037000e-03  0.00000000e+00  0.00000000e+00  3.71431600e-02  -7.60079000e-03  0.00000000e+00  0.00000000e+00  
0.00000000e+00  6.19223000e-03  0.00000000e+00  0.00000000e+00  -7.60079000e-03  1.03947780e-01  0.00000000e+00  0.00000000e+00  
9.89170000e-03  0.00000000e+00  7.35579000e-03  1.27072800e-02  0.00000000e+00  0.00000000e+00  1.63499100e-02  -4.13426000e-03  
1.75448900e-02  0.00000000e+00  -3.40460000e-03  2.40456700e-02  0.00000000e+00  0.00000000e+00  -4.13426000e-03  4.60244000e-03  
L
0.00000000e+00  -1.24351200e-02  0.00000000e+00  0.00000000e+00  -1.95603700e-02  -2.40730600e-02  0.00000000e+00  0.00000000e+00  
-1.24351200e-02  0.00000000e+00  -6.69788000e-03  -3.49737000e-03  0.00000000e+00  0.00000000e+00  5.68683700e-02  -1.64755700e-02  
0.00000000e+00  -6.69788000e-03  0.00000000e+00  0.00000000e+00  -3.03033000e-03  -1.05791600e-02  0.00000000e+00  0.00000000e+00  
0.00000000e+00  -3.49737000e-03  0.00000000e+00  0.00000000e+00  8.00105000e-03  -3.42527000e-03  0.00000000e+00  0.00000000e+00  
-1.95603700e-02  0.00000000e+00  -3.03033000e-03  8.00105000e-03  0.00000000e+00  0.00000000e+00  -6.02657000e-03  -2.63705700e-02  
-2.40730600e-02  0.00000000e+00  -1.05791600e-02  -3.42527000e-03  0.00000000e+00  0.00000000e+00  7.27470600e-02  -4.35301100e-02  
0.00000000e+00  5.68683700e-02  0.00000000e+00  0.00000000e+00  -6.02657000e-03  7.27470600e-02  0.00000000e+00  0.00000000e+00  
0.00000000e+00  -1.64755700e-02  0.00000000e+00  0.00000000e+00  -2.63705700e-02  -4.35301100e-02  0.00000000e+00  0.00000000e+00  
L
-1.12933100e-02  0.00000000e+00  -9.83100000e-05  4.11760000e-04  0.00000000e+00  0.00000000e+00  6.51778000e-03  1.39631300e-02  
0.00000000e+00  -3.14290300e-02  0.00000000e+00  0.00000000e+00  2.58099100e-02  1.02477700e-02  0.00000000e+00  0.00000000e+00  
-9.83100000e-05  0.00000000e+00  2.85743000e-03  8.48240000e-04  0.00000000e+00  0.00000000e+00  -7.03496000e-03  -3.13527000e-03  
4.11760000e-04  0.00000000e+00  8.48240000e-04  -3.12920100e-02  0.00000000e+00  0.00000000e+00  -1.73701900e-02  -3.37340300e-02  
0.00000000e+00  2.58099100e-02  0.00000000e+00  0.00000000e+00  -1.76869400e-02  -8.52924000e-03  0.00000000e+00  0.00000000e+00  
0.00000000e+00  1.02477700e-02  0.00000000e+00  0.00000000e+00  -8.52924000e-03  -7.27909300e-02  0.00000000e+00  0.00000000e+00  
6.51778000e-03  0.00000000e+00  -7.03496000e-03  -1.73701900e-02  0.00000000e+00  0.00000000e+00  -1.57663100e-02  1.15314200e-02  
1.39631300e-02  0.00000000e+00  -3.13527000e-03  -3.37340300e-02  0.00000000e+00  0.00000000e+00  1.15314200e-02  4.74501000e-03  
L
0.00000000e+00  -4.16242500e-02  0.00000000e+00  0.00000000e+00  6.65970000e-04  -9.96490000e-03  0.00000000e+00  0.00000000e+00  
-4.16242500e-02  0.00000000e+00  7.11133000e-03  -4.58310000e-03  0.00000000e+00  0.00000000e+00  8.87138900e-02  -2.78063000e-03  
0.00000000e+00  7.11133000e-03  0.00000000e+00  0.00000000e+00  -4.42156000e-03  -4.36505000e-03  0.00000000e+00  0.00000000e+00  
0.00000000e+00  -4.58310000e-03  0.00000000e+00  0.00000000e+00  -1.36064000e-03  -6.01612000e-03  0.00000000e+00  0.00000000e+00  
6.65970000e-04  0.00000000e+00  -4.42156000e-03  -1.36064000e-03  0.00000000e+00  0.00000000e+00  -2.31788000e-03  1.65504000e-03  
-9.96490000e-03  0.00000000e+00  -4.36505000e-03  -6.01612000e-03  0.00000000e+00  0.00000000e+00  -1.26843200e-02  8.89344000e-03  
0.00000000e+00  8.87138900e-02  0.00000000e+00  0.00000000e+00  -2.31788000e-03  -1.26843200e-02  0.00000000e+00  0.00000000e+00  
0.00000000e+00  -2.78063000e-03  0.00000000e+00  0.00000000e+00  1.65504000e-03  8.89344000e-03  0.00000000e+00  0.00000000e+00  
L
-8.02736000e-03  0.00000000e+00  4.83310000e-04  -5.21740000e-04  0.00000000e+00  0.00000000e+00  -2.71003000e-03  -6.79144000e-03  
0.00000000e+00  3.23815000e-02  0.00000000e+00  0.00000000e+00  -3.14081000e-03  4.55809000e-03  0.00000000e+00  0.00000000e+00  
4.83310000e-04  0.00000000e+00  -4.89806000e-03  2.85340000e-04  0.00000000e+00  0.00000000e+00  5.52381000e-03  5.69460000e-04  
-5.21740000e-04  0.00000000e+00  2.85340000e-04  -5.19739200e-02  0.00000000e+00  0.00000000e+00  -5.78424000e-03  -1.04948300e-02  
0.00000000e+00  -3.14081000e-03  0.00000000e+00  0.00000000e+00  5.17011000e-03  -5.77569000e-03  0.00000000e+00  0.00000000e+00  
0.00000000e+00  4.55809000e-03  0.00000000e+00  0.00000000e+00  -5.77569000e-03  2.58515000e-03  0.00000000e+00  0.00000000e+00  
-2.71003000e-03  0.00000000e+00  5.52381000e-03  -5.78424000e-03  0.00000000e+00  0.00000000e+00  8.38252000e-03  -9.56889000e-03  
-6.79144000e-03  0.00000000e+00  5.69460000e-04  -1.04948300e-02  0.00000000e+00  0.00000000e+00  -9.56889000e-03  3.86284000e-03  
L
-5.19725700e-02  0.00000000e+00  -8.72940000e-04  4.70673000e-03  0.00000000e+00  0.00000000e+00  1.65871200e-02  3.36476000e-02  
0.00000000e+00  -3.64630900e-02  0.00000000e+00  0.00000000e+00  -7.98852000e-03  1.13968100e-02  0.00000000e+00  0.00000000e+00  
-8.72940000e-04  0.00000000e+00  6.66675300e-02  1.52592000e-03  0.00000000e+00  0.00000000e+00  3.31385200e-02  -1.27025800e-02  
4.70673000e-03  0.00000000e+00  1.52592000e-03  5.44311000e-03  0.00000000e+00  0.00000000e+00  8.51133000e-03  1.44692300e-02  
0.00000000e+00  -7.98852000e-03  0.00000000e+00  0.00000000e+00  -5.45585200e-02  -3.31365000e-03  0.00000000e+00  0.00000000e+00  
0.00000000e+00  1.13968100e-02  0.00000000e+00  0.00000000e+00  -3.31365000e-03  1.23807700e-02  0.00000000e+00  0.00000000e+00  
1.65871200e-02  0.00000000e+00  3.31385200e-02  8.51133000e-03  0.00000000e+00  0.00000000e+00  2.35145100e-02  -5.86811900e-02  
3.36476000e-02  0.00000000e+00  -1.27025800e-02  1.44692300e-02  0.00000000e+00  0.00000000e+00  -5.86811900e-02  -6.69183000e-02  
L
-3.06147800e-02  0.00000000e+00  -1.64910000e-04  -8.78061000e-03  0.00000000e+00  0.00000000e+00  -2.15279400e-02  -4.04877500e-02  
0.00000000e+00  -6.74906100e-02  0.00000000e+00  0.00000000e+00  -3.14710800e-02  -8.38031900e-02  0.00000000e+00  0.00000000e+00  
-1.64910000e-04  0.00000000e+00  8.05282700e-02  -1.54120000e-04  0.00000000e+00  0.00000000e+00  1.24373300e-02  -2.16520000e-02  
-8.78061000e-03  0.00000000e+00  -1.54120000e-04  6.23304100e-02  0.00000000e+00  0.00000000e+00  2.75722600e-02  5.12202500e-02  
0.00000000e+00  -3.14710800e-02  0.00000000e+00  0.00000000e+00  -6.43540000e-02  1.20388400e-02  0.00000000e+00  0.00000000e+00  
0.00000000e+00  -8.38031900e-02  0.00000000e+00  0.00000000e+00  1.20388400e-02  6.00066100e-02  0.00000000e+00  0.00000000e+00  
-2.15279400e-02  0.00000000e+00  1.24373300e-02  2.75722600e-02  0.00000000e+00  0.00000000e+00  -2.94181300e-02  -4.81828300e-02  
-4.04877500e-02  0.00000000e+00  -2.16520000e-02  5.12202500e-02  0.00000000e+00  0.00000000e+00  -4.81828300e-02  -6.58186700e-02  
L
-2.50340800e-02  0.00000000e+00  1.75150000e-04  1.42859600e-02  0.00000000e+00  0.00000000e+00  -1.91790500e-02  -3.60544900e-02  
0.00000000e+00  -1.31568570e-01  0.00000000e+00  0.00000000e+00  -5.06750000e-03  -4.87323600e-02  0.00000000e+00  0.00000000e+00  
1.75150000e-04  0.00000000e+00  -8.16340400e-02  -2.93317000e-03  0.00000000e+00  0.00000000e+00  -2.05714000e-03  3.76468000e-03  
1.42859600e-02  0.00000000e+00  -2.93317000e-03  -1.68619500e-02  0.00000000e+00  0.00000000e+00  3.27992500e-02  6.09958000e-02  
0.00000000e+00  -5.06750000e-03  0.00000000e+00  0.00000000e+00  -1.02858640e-01  5.42814000e-03  0.00000000e+00  0.00000000e+00  
0.00000000e+00  -4.87323600e-02  0.00000000e+00  0.00000000e+00  5.42814000e-03  -2.13595900e-02  0.00000000e+00  0.00000000e+00  
-1.91790500e-02  0.00000000e+00  -2.05714000e-03  3.27992500e-02  0.00000000e+00  0.00000000e+00  -5.33187900e-02  -2.64648000e-03  
-3.60544900e-02  0.00000000e+00  3.76468000e-03  6.09958000e-02  0.00000000e+00  0.00000000e+00  -2.64648000e-03  -7.48562300e-02  
L
1.12921000e-02  0.00000000e+00  7.27250000e-04  -2.01984700e-02  0.00000000e+00  0.00000000e+00  -6.10530000e-03  -1.38678200e-02  
0.00000000e+00  -1.07756220e-01  0.00000000e+00  0.00000000e+00  3.12621000e-03  -5.47681500e-02  0.00000000e+00  0.00000000e+00  
7.27250000e-04  0.00000000e+00  -6.73486900e-02  -2.56398000e-03  0.00000000e+00  0.00000000e+00  -8.55028000e-03  -9.53900000e-04  
-2.01984700e-02  0.00000000e+00  -2.56398000e-03  3.57837300e-02  0.00000000e+00  0.00000000e+00  7.98307000e-03  1.60405500e-02  
0.00000000e+00  3.12621000e-03  0.00000000e+00  0.00000000e+00  2.74851500e-02  -1.21242800e-02  0.00000000e+00  0.00000000e+00  
0.00000000e+00  -5.47681500e-02  0.00000000e+00  0.00000000e+00  -1.21242800e-02  -1.01909000e-01  0.00000000e+00  0.00000000e+00  
-6.10530000e-03  0.00000000e+00  -8.55028000e-03  7.98307000e-03  0.00000000e+00  0.00000000e+00  -7.34592800e-02  1.51105900e-02  
-1.38678200e-02  0.00000000e+00  -9.53900000e-04  1.60405500e-02  0.00000000e+00  0.00000000e+00  1.51105900e-02  -6.01481100e-02  
L
-9.98626700e-02  0.00000000e+00  -7.17750000e-04  4.91082100e-02  0.00000000e+00  0.00000000e+00  -9.34533000e-03  -1.45973000e-02  
0.00000000e+00  -1.48301300e-02  0.00000000e+00  0.00000000e+00  -1.28274800e-02  6.89578000e-03  0.00000000e+00  0.00000000e+00  
-7.17750000e-04  0.00000000e+00  6.76204500e-02  1.42340000e-03  0.00000000e+00  0.00000000e+00  4.64169000e-03  -2.84033000e-03  
4.91082100e-02  0.00000000e+00  1.42340000e-03  -1.90407200e-02  0.00000000e+00  0.00000000e+00  3.51297100e-02  6.78427900e-02  
0.00000000e+00  -1.28274800e-02  0.00000000e+00  0.00000000e+00  -2.17080020e-01  3.49178900e-02  0.00000000e+00  0.00000000e+00  
0.00000000e+00  6.89578000e-03  0.00000000e+00  0.00000000e+00  3.49178900e-02  1.81841240e-01  0.00000000e+00  0.00000000e+00  
-9.34533000e-03  0.00000000e+00  4.64169000e-03  3.51297100e-02  0.00000000e+00  0.00000000e+00  5.75810400e-02  -5.00810800e-02  
-1.45973000e-02  0.00000000e+00  -2.84033000e-03  6.78427900e-02  0.00000000e+00  0.00000000e+00  -5.00810800e-02  -4.52936000e-03  
L
4.01338800e-02  0.00000000e+00  7.91960000e-04  -7.25547800e-02  0.00000000e+00  0.00000000e+00  3.35657000e-03  7.12658000e-03  
0.00000000e+00  4.69446500e-02  0.00000000e+00  0.00000000e+00  7.45936000e-03  -6.12801700e-02  0.00000000e+00  0.00000000e+00  
7.91960000e-04  0.00000000e+00  -5.26543400e-02  -3.17266000e-03  0.00000000e+00  0.00000000e+00  4.61284000e-03  -1.67980000e-03  
-7.25547800e-02  0.00000000e+00  -3.17266000e-03  1.28305070e-01  0.00000000e+00  0.00000000e+00  -3.18022000e-02  -6.12461000e-02  
0.00000000e+00  7.45936000e-03  0.00000000e+00  0.00000000e+00  2.06002720e-01  -1.83692100e-02  0.00000000e+00  0.00000000e+00  
0.00000000e+00  -6.12801700e-02  0.00000000e+00  0.00000000e+00  -1.83692100e-02  -1.22468890e-01  0.00000000e+00  0.00000000e+00  
3.35657000e-03  0.00000000e+00  4.61284000e-03  -3.18022000e-02  0.00000000e+00  0.00000000e+00  -4.37107200e-02  5.11621600e-02  
7.12658000e-03  0.00000000e+00  -1.67980000e-03  -6.12461000e-02  0.00000000e+00  0.00000000e+00  5.11621600e-02  2.56149000e-02  
L
7.45482300e-02  0.00000000e+00  4.16390000e-04  -3.48633300e-02  0.00000000e+00  0.00000000e+00  1.80914600e-02  3.37629200e-02  
0.00000000e+00  5.79669000e-02  0.00000000e+00  0.00000000e+00  3.35568400e-02  4.87000200e-02  0.00000000e+00  0.00000000e+00  
4.16390000e-04  0.00000000e+00  -4.80294300e-02  1.76177000e-03  0.00000000e+00  0.00000000e+00  1.53052600e-02  -1.23880800e-02  
-3.48633300e-02  0.00000000e+00  1.76177000e-03  -8.70292700e-02  0.00000000e+00  0.00000000e+00  -4.77611100e-02  -9.21102800e-02  
0.00000000e+00  3.35568400e-02  0.00000000e+00  0.00000000e+00  1.80751680e-01  -3.49851500e-02  0.00000000e+00  0.00000000e+00  
0.00000000e+00  4.87000200e-02  0.00000000e+00  0.00000000e+00  -3.49851500e-02  -2.25793180e-01  0.00000000e+00  0.00000000e+00  
1.80914600e-02  0.00000000e+00  1.53052600e-02  -4.77611100e-02  0.00000000e+00  0.00000000e+00  -3.79519000e-02  7.03587400e-02  
3.37629200e-02  0.00000000e+00  -1.23880800e-02  -9.21102800e-02  0.00000000e+00  0.00000000e+00  7.03587400e-02  5.98222300e-02  
L
1.11247300e-02  0.00000000e+00  1.28387000e-03  -7.00994100e-02  0.00000000e+00  0.00000000e+00  -2.88647500e-02  -5.27557800e-02  
0.00000000e+00  2.00824830e-01  0.00000000e+00  0.00000000e+00  -3.38705800e-02  -9.35337400e-02  0.00000000e+00  0.00000000e+00  
1.28387000e-03  0.00000000e+00  1.46798760e-01  2.47413000e-03  0.00000000e+00  0.00000000e+00  9.57496000e-03  1.01123400e-02  
-7.00994100e-02  0.00000000e+00  2.47413000e-03  9.50102700e-02  0.00000000e+00  0.00000000e+00  -2.32322000e-02  -4.38513200e-02  
0.00000000e+00  -3.38705800e-02  0.00000000e+00  0.00000000e+00  1.15246410e-01  1.57118100e-02  0.00000000e+00  0.00000000e+00  
0.00000000e+00  -9.35337400e-02  0.00000000e+00  0.00000000e+00  1.57118100e-02  1.00942880e-01  0.00000000e+00  0.00000000e+00  
-2.88647500e-02  0.00000000e+00  9.57496000e-03  -2.32322000e-02  0.00000000e+00  0.00000000e+00  1.32462570e-01  -5.49719800e-02  
-5.27557800e-02  0.00000000e+00  1.01123400e-02  -4.38513200e-02  0.00000000e+00  0.00000000e+00  -5.49719800e-02  4.11417700e-02  
L
3.77017050e-01  0.00000000e+00  -3.26890000e-04  2.83623600e-02  0.00000000e+00  0.00000000e+00  -1.05413200e-02  -1.99011000e-02  
0.00000000e+00  1.27471680e-01  0.00000000e+00  0.00000000e+00  -7.43753100e-02  3.18176200e-02  0.00000000e+00  0.00000000e+00  
-3.26890000e-04  0.00000000e+00  8.57226000e-03  2.42731000e-03  0.00000000e+00  0.00000000e+00  6.63417000e-03  5.74809000e-03  
2.83623600e-02  0.00000000e+00  2.42731000e-03  -5.75533000e-02  0.00000000e+00  0.00000000e+00  -8.66990000e-04  -2.21413000e-03  
0.00000000e+00  -7.43753100e-02  0.00000000e+00  0.00000000e+00  2.16482680e-01  -2.09194000e-03  0.00000000e+00  0.00000000e+00  
0.00000000e+00  3.18176200e-02  0.00000000e+00  0.00000000e+00  -2.09194000e-03  6.48963600e-02  0.00000000e+00  0.00000000e+00  
-1.05413200e-02  0.00000000e+00  6.63417000e-03  -8.66990000e-04  0.00000000e+00  0.00000000e+00  2.77760200e-02  2.49088700e-02  
-1.99011000e-02  0.00000000e+00  5.74809000e-03  -2.21413000e-03  0.00000000e+00  0.00000000e+00  2.49088700e-02  6.06578700e-02  
L
-1.37687580e-01  0.00000000e+00  -3.81820000e-04  9.73435000e-03  0.00000000e+00  0.00000000e+00  -1.37874300e-02  -2.60204000e-02  
0.00000000e+00  -8.96489700e-02  0.00000000e+00  0.00000000e+00  -5.27743500e-02  -6.79650000e-04  0.00000000e+00  0.00000000e+00  
-3.81820000e-04  0.00000000e+00  4.12355200e-02  9.43938000e-03  0.00000000e+00  0.00000000e+00  8.22854000e-03  4.52314000e-03  
9.73435000e-03  0.00000000e+00  9.43938000e-03  -4.15277110e-01  0.00000000e+00  0.00000000e+00  1.66701100e-02  3.23238000e-02  
0.00000000e+00  -5.27743500e-02  0.00000000e+00  0.00000000e+00  -1.71446150e-01  -1.44702300e-02  0.00000000e+00  0.00000000e+00  
0.00000000e+00  -6.79650000e-04  0.00000000e+00  0.00000000e+00  -1.44702300e-02  -9.22444100e-02  0.00000000e+00  0.00000000e+00  
-1.37874300e-02  0.00000000e+00  8.22854000e-03  1.66701100e-02  0.00000000e+00  0.00000000e+00  -3.33994800e-02  -1.48187250e-01  
-2.60204000e-02  0.00000000e+00  4.52314000e-03  3.23238000e-02  0.00000000e+00  0.00000000e+00  -1.48187250e-01  -2.36653770e-01  
L
-2.43542600e-02  0.00000000e+00  -5.45060000e-04  9.39141000e-03  0.00000000e+00  0.00000000e+00  -4.35160000e-04  -3.00470000e-04  
0.00000000e+00  -4.36742200e-02  0.00000000e+00  0.00000000e+00  -1.05730000e-04  2.89549000e-03  0.00000000e+00  0.00000000e+00  
-5.45060000e-04  0.00000000e+00  3.73853700e-02  7.77710000e-04  0.00000000e+00  0.00000000e+00  6.29925700e-02  -3.56704000e-02  
9.39141000e-03  0.00000000e+00  7.77710000e-04  -4.76148000e-03  0.00000000e+00  0.00000000e+00  7.68196000e-03  1.07406300e-02  
0.00000000e+00  -1.05730000e-04  0.00000000e+00  0.00000000e+00  -4.39463700e-02  1.67706000e-03  0.00000000e+00  0.00000000e+00  
0.00000000e+00  2.89549000e-03  0.00000000e+00  0.00000000e+00  1.67706000e-03  -2.99325000e-03  0.00000000e+00  0.00000000e+00  
-4.35160000e-04  0.00000000e+00  6.29925700e-02  7.68196000e-03  0.00000000e+00  0.00000000e+00  6.12963600e-02  -4.12281000e-02  
-3.00470000e-04  0.00000000e+00  -3.56704000e-02  1.07406300e-02  0.00000000e+00  0.00000000e+00  -4.12281000e-02  3.36046000e-03  
L
6.12255000e-03  0.00000000e+00  1.57533000e-03  -4.13521000e-03  0.00000000e+00  0.00000000e+00  -3.80620000e-03  -8.64827000e-03  
0.00000000e+00  1.46939700e-02  0.00000000e+00  0.00000000e+00  -5.24684000e-03  -9.39394000e-03  0.00000000e+00  0.00000000e+00  
1.57533000e-03  0.00000000e+00  -2.85643400e-02  -1.29720000e-03  0.00000000e+00  0.00000000e+00  -3.54731700e-02  1.24078900e-02  
-4.13521000e-03  0.00000000e+00  -1.29720000e-03  1.29254000e-02  0.00000000e+00  0.00000000e+00  -2.31712000e-03  -1.53110000e-03  
0.00000000e+00  -5.24684000e-03  0.00000000e+00  0.00000000e+00  1.23812400e-02  2.78798000e-03  0.00000000e+00  0.00000000e+00  
0.00000000e+00  -9.39394000e-03  0.00000000e+00  0.00000000e+00  2.78798000e-03  1.04764800e-02  0.00000000e+00  0.00000000e+00  
-3.80620000e-03  0.00000000e+00  -3.54731700e-02  -2.31712000e-03  0.00000000e+00  0.00000000e+00  -2.30061700e-02  1.08500300e-02  
-8.64827000e-03  0.00000000e+00  1.24078900e-02  -1.53110000e-03  0.00000000e+00  0.00000000e+00  1.08500300e-02  4.08668000e-03  
L
2.08166900e-02  0.00000000e+00  6.82500000e-04  -4.21204000e-03  0.00000000e+00  0.00000000e+00  -3.90211000e-03  -6.11626000e-03  
0.00000000e+00  1.02041400e-02  0.00000000e+00  0.00000000e+00  -1.89296000e-03  -6.42559000e-03  0.00000000e+00  0.00000000e+00  
6.82500000e-04  0.00000000e+00  -1.07477400e-02  -7.90880000e-04  0.00000000e+00  0.00000000e+00  8.59452000e-03  -5.94193000e-03  
-4.21204000e-03  0.00000000e+00  -7.90880000e-04  2.16330600e-02  0.00000000e+00  0.00000000e+00  -4.78158000e-03  -1.05284800e-02  
0.00000000e+00  -1.89296000e-03  0.00000000e+00  0.00000000e+00  -2.43541800e-02  4.78906000e-03  0.00000000e+00  0.00000000e+00  
0.00000000e+00  -6.42559000e-03  0.00000000e+00  0.00000000e+00  4.78906000e-03  -2.44889000e-03  0.00000000e+00  0.00000000e+00  
-3.90211000e-03  0.00000000e+00  8.59452000e-03  -4.78158000e-03  0.00000000e+00  0.00000000e+00  -1.03949300e-02  9.03351000e-03  
-6.11626000e-03  0.00000000e+00  -5.94193000e-03  -1.05284800e-02  0.00000000e+00  0.00000000e+00  9.03351000e-03  1.00624000e-03  
L
-1.04763400e-02  0.00000000e+00  -2.02731000e-03  -5.72769000e-03  0.00000000e+00  0.00000000e+00  -1.62092000e-03  -2.80724000e-03  
0.00000000e+00  2.17691800e-02  0.00000000e+00  0.00000000e+00  -9.86131000e-03  -7.33066000e-03  0.00000000e+00  0.00000000e+00  
-2.02731000e-03  0.00000000e+00  1.83374040e-01  2.58620000e-03  0.00000000e+00  0.00000000e+00  1.16533100e-02  -3.40695900e-02  
-5.72769000e-03  0.00000000e+00  2.58620000e-03  -6.25857000e-03  0.00000000e+00  0.00000000e+00  -3.17018000e-03  -6.42106000e-03  
0.00000000e+00  -9.86131000e-03  0.00000000e+00  0.00000000e+00  -6.25860000e-03  3.82700000e-04  0.00000000e+00  0.00000000e+00  
0.00000000e+00  -7.33066000e-03  0.00000000e+00  0.00000000e+00  3.82700000e-04  2.16329300e-02  0.00000000e+00  0.00000000e+00  
-1.62092000e-03  0.00000000e+00  1.16533100e-02  -3.17018000e-03  0.00000000e+00  0.00000000e+00  2.64350200e-02  -2.41595900e-02  
-2.80724000e-03  0.00000000e+00  -3.40695900e-02  -6.42106000e-03  0.00000000e+00  0.00000000e+00  -2.41595900e-02  2.71160000e-03  
